con,ctyName,cty,direction,eds,eds_dicts,eds_parts,ex_cons,polylines,s
Carlow-Kilkenny,Carlow,county,,,,,,,
Carlow-Kilkenny,Kilkenny,county,,,,,,,
Cavan-Monaghan,Cavan,county,,,,,,,
Cavan-Monaghan,Monaghan,county,,,,,,,
Cavan-Monaghan,Meath,county,,"['Drumcondra', 'Ardagh', 'Carrickleck', 'Kilmainham', 'Moybolgue', 'Posseckstown and Trohanny']","{'': [], 'Rural District of Ardee No. 2': ['Drumcondra'], 'Rural District of Kells': ['Ardagh', 'Carrickleck', 'Kilmainham', 'Moybolgue', 'Posseckstown and Trohanny']}",,,,"the electoral divisions of:
Drumcondra, in the former Rural District of Ardee No. 2;
Ardagh, Carrickleck, Kilmainham, Moybolgue, Posseckstown and Trohanny in the former Rural District of Kells"
Clare,Clare,county,,,,,,,
Cork East,Cork,county,,"['Cobh Urban', 'Fermoy Urban', 'Mallow North Urban', 'Mallow South Urban', 'Midleton Urban', 'Youghal Urban', 'Cobh Rural', 'Knockraha', 'Aghern', 'Ballyhooly', 'Ballynoe', 'Castlecooke', 'Castle Hyde', 'Castlelyons', 'Castletownroche', 'Coole', 'Curraglass', 'Fermoy Rural', 'Glanworth East', 'Glanworth West', 'Gortnaskehy', 'Gortroe', 'Kilcor', 'Kilcummer', 'Killathy', 'Kilworth', 'Knockmourne', 'Leitrim', 'Rathcormack', 'Ballyclogh', 'Buttevant', 'Caherduggan', 'Carrig', 'Clenor', 'Doneraile', 'Kilmaclenine', 'Mallow Rural', 'Monanimy', 'Shanballymore', 'Skahanagh', 'Wallstown', 'Ballintemple', 'Ballycottin', 'Ballyspillane', 'Carrigtohill', 'Castlemartyr', 'Clonmult', 'Cloyne', 'Corkbeg', 'Dangan', 'Dungourney', 'Garryvoe', 'Ightermurragh', 'Inch', 'Lisgoold', 'Midleton Rural', 'Mogeely', 'Rostellan', 'Templebodan', 'Templenacarriga', 'Ballyarthur', 'Derryvillane', 'Farahy', 'Kildorrery', 'Kilgullane', 'Kilphelan', 'Marshalstown', 'Mitchelstown', 'Templemolaga', 'Ardagh', 'Clonpriest', 'Kilcronat', 'Killeagh', 'Kilmacdonagh', 'Youghal Rural']","{'': ['Cobh Urban', 'Fermoy Urban', 'Mallow North Urban', 'Mallow South Urban', 'Midleton Urban', 'Youghal Urban'], 'Rural District of Cork': ['Cobh Rural', 'Knockraha'], 'Rural District of Fermoy': ['Aghern', 'Ballyhooly', 'Ballynoe', 'Castlecooke', 'Castle Hyde', 'Castlelyons', 'Castletownroche', 'Coole', 'Curraglass', 'Fermoy Rural', 'Glanworth East', 'Glanworth West', 'Gortnaskehy', 'Gortroe', 'Kilcor', 'Kilcummer', 'Killathy', 'Kilworth', 'Knockmourne', 'Leitrim', 'Rathcormack'], 'Rural District of Mallow': ['Ballyclogh', 'Buttevant', 'Caherduggan', 'Carrig', 'Clenor', 'Doneraile', 'Kilmaclenine', 'Mallow Rural', 'Monanimy', 'Shanballymore', 'Skahanagh', 'Wallstown'], 'Rural District of Midleton': ['Ballintemple', 'Ballycottin', 'Ballyspillane', 'Carrigtohill', 'Castlemartyr', 'Clonmult', 'Cloyne', 'Corkbeg', 'Dangan', 'Dungourney', 'Garryvoe', 'Ightermurragh', 'Inch', 'Lisgoold', 'Midleton Rural', 'Mogeely', 'Rostellan', 'Templebodan', 'Templenacarriga'], 'Rural District of Mitchelstown No. 1': ['Ballyarthur', 'Derryvillane', 'Farahy', 'Kildorrery', 'Kilgullane', 'Kilphelan', 'Marshalstown', 'Mitchelstown', 'Templemolaga'], 'Rural District of Youghal No. 1': ['Ardagh', 'Clonpriest', 'Kilcronat', 'Killeagh', 'Kilmacdonagh', 'Youghal Rural']}",,,,"the electoral divisions of:
Cobh Rural, Knockraha, in the former Rural District of Cork;
Aghern, Ballyhooly, Ballynoe, Castlecooke, Castle Hyde, Castlelyons, Castletownroche, Coole, Curraglass, Fermoy Rural, Glanworth East, Glanworth West, Gortnaskehy, Gortroe, Kilcor, Kilcummer, Killathy, Kilworth, Knockmourne, Leitrim, Rathcormack, in the former Rural District of Fermoy;
Ballyclogh, Buttevant, Caherduggan, Carrig, Clenor, Doneraile, Kilmaclenine, Mallow Rural, Monanimy, Shanballymore, Skahanagh, Wallstown, in the former Rural District of Mallow;
Ballintemple, Ballycottin, Ballyspillane, Carrigtohill, Castlemartyr, Clonmult, Cloyne, Corkbeg, Dangan, Dungourney, Garryvoe, Ightermurragh, Inch, Lisgoold, Midleton Rural, Mogeely, Rostellan, Templebodan, Templenacarriga, in the former Rural District of Midleton;
Ballyarthur, Derryvillane, Farahy, Kildorrery, Kilgullane, Kilphelan, Marshalstown, Mitchelstown, Templemolaga, in the former Rural District of Mitchelstown No. 1;
Ardagh, Clonpriest, Kilcronat, Killeagh, Kilmacdonagh, Youghal Rural, in the former Rural District of Youghal No. 1;
and Cobh Urban, Fermoy Urban, Mallow North Urban, Mallow South Urban, Midleton Urban and Youghal Urban"
Cork North-Central,Cork,city,,"['Bishopstown A', 'Bishopstown B', 'Bishopstown C', 'Blackpool A', 'Blackpool B', 'Centre A', 'Centre B', 'Churchfield', 'Commons', 'Fair Hill A', 'Fair Hill B', 'Fair Hill C', 'Farranferris A', 'Farranferris B', 'Farranferris C', 'Gillabbey A', 'Gillabbey B', 'Gillabbey C', 'Glasheen A', 'Glasheen B', 'Gurranebraher A', 'Gurranebraher B', 'Gurranebraher C', 'Gurranebraher D', 'Gurranebraher E', 'Knocknaheeny', 'Mardyke', 'Mayfield', 'Montenotte A', 'Montenotte B', 'St. Patrick’s A', 'St. Patrick’s B', 'St. Patrick’s C', 'Shanakiel', 'Shandon A', 'Shandon B', 'Sunday’s Well A', 'Sunday’s Well B', 'The Glen A', 'The Glen B', 'Tivoli A', 'Tivoli B']","{'': ['Bishopstown A', 'Bishopstown B', 'Bishopstown C', 'Blackpool A', 'Blackpool B', 'Centre A', 'Centre B', 'Churchfield', 'Commons', 'Fair Hill A', 'Fair Hill B', 'Fair Hill C', 'Farranferris A', 'Farranferris B', 'Farranferris C', 'Gillabbey A', 'Gillabbey B', 'Gillabbey C', 'Glasheen A', 'Glasheen B', 'Gurranebraher A', 'Gurranebraher B', 'Gurranebraher C', 'Gurranebraher D', 'Gurranebraher E', 'Knocknaheeny', 'Mardyke', 'Mayfield', 'Montenotte A', 'Montenotte B', 'St. Patrick’s A', 'St. Patrick’s B', 'St. Patrick’s C', 'Shanakiel', 'Shandon A', 'Shandon B', 'Sunday’s Well A', 'Sunday’s Well B', 'The Glen A', 'The Glen B', 'Tivoli A', 'Tivoli B']}",,,,"the electoral divisions of:
Bishopstown A, Bishopstown B, Bishopstown C, Blackpool A, Blackpool B, Centre A, Centre B, Churchfield, Commons, Fair Hill A, Fair Hill B, Fair Hill C, Farranferris A, Farranferris B, Farranferris C, Gillabbey A, Gillabbey B, Gillabbey C, Glasheen A, Glasheen B, Gurranebraher A, Gurranebraher B, Gurranebraher C, Gurranebraher D, Gurranebraher E, Knocknaheeny, Mardyke, Mayfield, Montenotte A, Montenotte B, St. Patrick’s A, St. Patrick’s B, St. Patrick’s C, Shanakiel, Shandon A, Shandon B, Sunday’s Well A, Sunday’s Well B, The Glen A, The Glen B, Tivoli A, Tivoli B"
Cork North-Central,Cork,county,,"['Ballynaglogh', 'Blackpool', 'Blarney', 'Caherlag', 'Carrignavar', 'Carrigrohane Beg', 'Dripsey', 'Firmount', 'Glenville', 'Greenfort', 'Killeagh', 'Knockantota', 'Matehy', 'Rathcooney', 'Riverstown', 'St. Mary’s', 'Whitechurch', 'and the townland of Inchigaggin in the electoral division of Bishopstown (part)', 'Carrig', 'Kildinan', 'Watergrasshill', 'Gowlane', 'Ballynamona', 'Rahan']","{'': [], 'Rural District of Cork': ['Ballynaglogh', 'Blackpool', 'Blarney', 'Caherlag', 'Carrignavar', 'Carrigrohane Beg', 'Dripsey', 'Firmount', 'Glenville', 'Greenfort', 'Killeagh', 'Knockantota', 'Matehy', 'Rathcooney', 'Riverstown', 'St. Mary’s', 'Whitechurch', 'and the townland of Inchigaggin in the electoral division of Bishopstown (part)'], 'Rural District of Fermoy': ['Carrig', 'Kildinan', 'Watergrasshill'], 'Rural District of Macroom': ['Gowlane'], 'Rural District of Mallow': ['Ballynamona', 'Rahan']}",,,,"the electoral divisions of:
Ballynaglogh, Blackpool, Blarney, Caherlag, Carrignavar, Carrigrohane Beg, Dripsey, Firmount, Glenville, Greenfort, Killeagh, Knockantota, Matehy, Rathcooney, Riverstown, St. Mary’s, Whitechurch, and the townland of Inchigaggin in the electoral division of Bishopstown (part), in the former Rural District of Cork;
Carrig, Kildinan, Watergrasshill, in the former Rural District of Fermoy;
Gowlane, in the former Rural District of Macroom;
Ballynamona, Rahan, in the former Rural District of Mallow"
Cork North-West,Cork,county,,"['Macroom Urban', 'Ballygroman', 'Ballymurphy', 'Bengour', 'Brinny', 'Kilbonane', 'Knockavilly', 'Moviddy', 'Murragh', 'Teadies', 'Templemartin', 'Ballincollig', 'Ovens', 'Aultagh', 'Bealock', 'Béal Átha an Ghaorthaidh', 'Carrigboy', 'Castletown', 'Coolmountain', 'Garrown', 'Kinneigh', 'Manch', 'Teerelton', 'Allow', 'Ballyhoolahan', 'Banteer', 'Barleyhill', 'Barnacurra', 'Bawncross', 'Boherboy', 'Castlecor', 'Castlemagner', 'Clonfert East', 'Clonfert West', 'Clonmeen', 'Coolclogh', 'Dromina', 'Glenlara', 'Gortmore', 'Greenane', 'Kanturk', 'Kilbrin', 'Kilmeen', 'Knockatooan', 'Knocktemple', 'Meens', 'Milford', 'Nad', 'Newmarket', 'Newtown', 'Roskeen', 'Rosnalee', 'Rowls', 'Tincoora', 'Tullylease', 'Williamstown', 'Aghinagh', 'Aglish', 'An Sliabh Riabhach', 'Béal Átha an Ghaorthaidh', 'Cannaway', 'Ceann Droma', 'Cill na Martra', 'Claonráth', 'Clondrohid', 'Clonmoyle', 'Doire Fhínín', 'Gort na Tiobratan', 'Greenville', 'Inchigeelagh', 'Kilberrihert', 'Kilcullen', 'Macloneigh', 'Magourney', 'Mashanaglass', 'Mountrivers', 'Na hUláin', 'Rahalisk', 'Warrenscourt', 'Ardskeagh', 'Churchtown', 'Dromore', 'Imphrick', 'Kilshannig', 'Liscarroll', 'Milltown', 'Rathluirc', 'Springfort', 'Streamhill', 'Templemary', 'Caherbarnagh', 'Coomlogane', 'Crinnaloo', 'Cullen', 'Derragh', 'Doonasleen', 'Drishane', 'Keale', 'Kilcorney', 'Knocknagree', 'Rathcool', 'Skagh']","{'': ['Macroom Urban'], 'Rural District of Bandon': ['Ballygroman', 'Ballymurphy', 'Bengour', 'Brinny', 'Kilbonane', 'Knockavilly', 'Moviddy', 'Murragh', 'Teadies', 'Templemartin'], 'Rural District of Cork': ['Ballincollig', 'Ovens'], 'Rural District of Dunmanway': ['Aultagh', 'Bealock', 'Béal Átha an Ghaorthaidh', 'Carrigboy', 'Castletown', 'Coolmountain', 'Garrown', 'Kinneigh', 'Manch', 'Teerelton'], 'Rural District of Kanturk': ['Allow', 'Ballyhoolahan', 'Banteer', 'Barleyhill', 'Barnacurra', 'Bawncross', 'Boherboy', 'Castlecor', 'Castlemagner', 'Clonfert East', 'Clonfert West', 'Clonmeen', 'Coolclogh', 'Dromina', 'Glenlara', 'Gortmore', 'Greenane', 'Kanturk', 'Kilbrin', 'Kilmeen', 'Knockatooan', 'Knocktemple', 'Meens', 'Milford', 'Nad', 'Newmarket', 'Newtown', 'Roskeen', 'Rosnalee', 'Rowls', 'Tincoora', 'Tullylease', 'Williamstown'], 'Rural District of Macroom': ['Aghinagh', 'Aglish', 'An Sliabh Riabhach', 'Béal Átha an Ghaorthaidh', 'Cannaway', 'Ceann Droma', 'Cill na Martra', 'Claonráth', 'Clondrohid', 'Clonmoyle', 'Doire Fhínín', 'Gort na Tiobratan', 'Greenville', 'Inchigeelagh', 'Kilberrihert', 'Kilcullen', 'Macloneigh', 'Magourney', 'Mashanaglass', 'Mountrivers', 'Na hUláin', 'Rahalisk', 'Warrenscourt'], 'Rural District of Mallow': ['Ardskeagh', 'Churchtown', 'Dromore', 'Imphrick', 'Kilshannig', 'Liscarroll', 'Milltown', 'Rathluirc', 'Springfort', 'Streamhill', 'Templemary'], 'Rural District of Millstreet': ['Caherbarnagh', 'Coomlogane', 'Crinnaloo', 'Cullen', 'Derragh', 'Doonasleen', 'Drishane', 'Keale', 'Kilcorney', 'Knocknagree', 'Rathcool', 'Skagh']}",,,,"the electoral divisions of:
Ballygroman, Ballymurphy, Bengour, Brinny, Kilbonane, Knockavilly, Moviddy, Murragh, Teadies, Templemartin, in the former Rural District of Bandon;
Ballincollig, Ovens, in the former Rural District of Cork;
Aultagh, Bealock, Béal Átha an Ghaorthaidh, Carrigboy, Castletown, Coolmountain, Garrown, Kinneigh, Manch, Teerelton, in the former Rural District of Dunmanway;
Allow, Ballyhoolahan, Banteer, Barleyhill, Barnacurra, Bawncross, Boherboy, Castlecor, Castlemagner, Clonfert East, Clonfert West, Clonmeen, Coolclogh, Dromina, Glenlara, Gortmore, Greenane, Kanturk, Kilbrin, Kilmeen, Knockatooan, Knocktemple, Meens, Milford, Nad, Newmarket, Newtown, Roskeen, Rosnalee, Rowls, Tincoora, Tullylease, Williamstown, in the former Rural District of Kanturk;
Aghinagh, Aglish, An Sliabh Riabhach, Béal Átha an Ghaorthaidh, Cannaway, Ceann Droma, Cill na Martra, Claonráth, Clondrohid, Clonmoyle, Doire Fhínín, Gort na Tiobratan, Greenville, Inchigeelagh, Kilberrihert, Kilcullen, Macloneigh, Magourney, Mashanaglass, Mountrivers, Na hUláin, Rahalisk, Warrenscourt, in the former Rural District of Macroom;
Ardskeagh, Churchtown, Dromore, Imphrick, Kilshannig, Liscarroll, Milltown, Rathluirc, Springfort, Streamhill, Templemary, in the former Rural District of Mallow;
Caherbarnagh, Coomlogane, Crinnaloo, Cullen, Derragh, Doonasleen, Drishane, Keale, Kilcorney, Knocknagree, Rathcool, Skagh, in the former Rural District of Millstreet;
and Macroom Urban"
Cork South-Central,Cork,city,,,,,['Cork North-Central'],,except the part thereof which is comprised in the constituency of Cork North-Central
Cork South-Central,Cork,county,,"['Ballygarvan', 'Carrigaline', 'Douglas', 'Iniskenny', 'Lehenagh', 'Monkstown Rural', 'Monkstown Urban', 'and the townland of Ballinaspig More in the electoral division of Bishopstown (part)', 'Carrigaline', 'Kilpatrick', 'Liscleary', 'Templebreedy']","{'': [], 'Rural District of Cork': ['Ballygarvan', 'Carrigaline', 'Douglas', 'Iniskenny', 'Lehenagh', 'Monkstown Rural', 'Monkstown Urban', 'and the townland of Ballinaspig More in the electoral division of Bishopstown (part)'], 'Rural District of Kinsale': ['Carrigaline', 'Kilpatrick', 'Liscleary', 'Templebreedy']}",,,,"the electoral divisions of:
Ballygarvan, Carrigaline, Douglas, Iniskenny, Lehenagh, Monkstown Rural, Monkstown Urban, and the townland of Ballinaspig More in the electoral division of Bishopstown (part) in the former Rural District of Cork;
Carrigaline, Kilpatrick, Liscleary, Templebreedy, in the former Rural District of Kinsale"
Cork South-West,Cork,county,,,,,"['Cork East', 'Cork North-Central', 'Cork North-West', 'Cork South-Central']",,"except the parts thereof which are comprised in the constituencies of Cork East, Cork North- Central, Cork North-West and Cork South-Central"
Donegal,Donegal,county,,,,,['Sligo-Leitrim'],,except the part thereof which is comprised in the constituency of Sligo-Leitrim
Dublin BayNorth,Dublin,city,,"['Ayrfield', 'Beaumont B', 'Beaumont C', 'Beaumont D', 'Beaumont E', 'Beaumont F', 'Clontarf East A', 'Clontarf East B', 'Clontarf East C', 'Clontarf East D', 'Clontarf East E', 'Clontarf West A', 'Clontarf West B', 'Clontarf West C', 'Clontarf West D', 'Clontarf West E', 'Edenmore', 'Grace Park', 'Grange A', 'Grange B', 'Grange C', 'Grange D', 'Grange E', 'Harmonstown A', 'Harmonstown B', 'Kilmore A', 'Kilmore B', 'Kilmore C', 'Kilmore D', 'Priorswood A', 'Priorswood B', 'Priorswood C', 'Priorswood D', 'Priorswood E', 'Raheny-Foxfield', 'Raheny-Greendale', 'Raheny-St. Assam']","{'': ['Ayrfield', 'Beaumont B', 'Beaumont C', 'Beaumont D', 'Beaumont E', 'Beaumont F', 'Clontarf East A', 'Clontarf East B', 'Clontarf East C', 'Clontarf East D', 'Clontarf East E', 'Clontarf West A', 'Clontarf West B', 'Clontarf West C', 'Clontarf West D', 'Clontarf West E', 'Edenmore', 'Grace Park', 'Grange A', 'Grange B', 'Grange C', 'Grange D', 'Grange E', 'Harmonstown A', 'Harmonstown B', 'Kilmore A', 'Kilmore B', 'Kilmore C', 'Kilmore D', 'Priorswood A', 'Priorswood B', 'Priorswood C', 'Priorswood D', 'Priorswood E', 'Raheny-Foxfield', 'Raheny-Greendale', 'Raheny-St. Assam']}",,,,"the electoral divisions of:
Ayrfield, Beaumont B, Beaumont C, Beaumont D, Beaumont E, Beaumont F, Clontarf East A, Clontarf East B, Clontarf East C, Clontarf East D, Clontarf East E, Clontarf West A, Clontarf West B, Clontarf West C, Clontarf West D, Clontarf West E, Edenmore, Grace Park, Grange A, Grange B, Grange C, Grange D, Grange E, Harmonstown A, Harmonstown B, Kilmore A, Kilmore B, Kilmore C, Kilmore D, Priorswood A, Priorswood B, Priorswood C, Priorswood D, Priorswood E, Raheny-Foxfield, Raheny-Greendale, Raheny-St. Assam"
Dublin BayNorth,Fingal,county,,"['Baldoyle', 'Howth', 'Sutton']","{'': ['Baldoyle', 'Howth', 'Sutton']}",,,,"the electoral divisions of:
Baldoyle, Howth, Sutton"
Dublin BaySouth,Dublin,city,,"['Kimmage C', 'Mansion House A', 'Mansion House B', 'Pembroke East A', 'Pembroke East B', 'Pembroke East C', 'Pembroke East D', 'Pembroke East E', 'Pembroke West A', 'Pembroke West B', 'Pembroke West C', 'Rathfarnham', 'Rathmines East A', 'Rathmines East B', 'Rathmines East C', 'Rathmines East D', 'Rathmines West A', 'Rathmines West B', 'Rathmines West C', 'Rathmines West D', 'Rathmines West E', 'Rathmines West F', 'Royal Exchange A', 'Royal Exchange B', 'St. Kevin’s', 'South Dock', 'Terenure A', 'Terenure B', 'Terenure C', 'Terenure D', 'Wood Quay A', 'Wood Quay B']","{'': ['Kimmage C', 'Mansion House A', 'Mansion House B', 'Pembroke East A', 'Pembroke East B', 'Pembroke East C', 'Pembroke East D', 'Pembroke East E', 'Pembroke West A', 'Pembroke West B', 'Pembroke West C', 'Rathfarnham', 'Rathmines East A', 'Rathmines East B', 'Rathmines East C', 'Rathmines East D', 'Rathmines West A', 'Rathmines West B', 'Rathmines West C', 'Rathmines West D', 'Rathmines West E', 'Rathmines West F', 'Royal Exchange A', 'Royal Exchange B', 'St. Kevin’s', 'South Dock', 'Terenure A', 'Terenure B', 'Terenure C', 'Terenure D', 'Wood Quay A', 'Wood Quay B']}",,,,"the electoral divisions of:
Kimmage C, Mansion House A, Mansion House B, Pembroke East A, Pembroke East B, Pembroke East C, Pembroke East D, Pembroke East E, Pembroke West A, Pembroke West B, Pembroke West C, Rathfarnham, Rathmines East A, Rathmines East B, Rathmines East C, Rathmines East D, Rathmines West A, Rathmines West B, Rathmines West C, Rathmines West D, Rathmines West E, Rathmines West F, Royal Exchange A, Royal Exchange B, St. Kevin’s, South Dock, Terenure A, Terenure B, Terenure C, Terenure D, Wood Quay A, Wood Quay B"
Dublin Central,Dublin,city,,"['Arran Quay A', 'Arran Quay B', 'Arran Quay C', 'Arran Quay D', 'Arran Quay E', 'Ballybough A', 'Ballybough B', 'Botanic A', 'Botanic B', 'Botanic C', 'Cabra East A', 'Cabra East B', 'Cabra East C', 'Cabra West A', 'Cabra West B', 'Cabra West C', 'Cabra West D', 'Drumcondra South A', 'Drumcondra South B', 'Drumcondra South C', 'Inns Quay A', 'Inns Quay B', 'Inns Quay C', 'Mountjoy A', 'Mountjoy B', 'North City', 'North Dock A', 'North Dock B', 'North Dock C', 'Rotunda A', 'Rotunda B']","{'': ['Arran Quay A', 'Arran Quay B', 'Arran Quay C', 'Arran Quay D', 'Arran Quay E', 'Ballybough A', 'Ballybough B', 'Botanic A', 'Botanic B', 'Botanic C', 'Cabra East A', 'Cabra East B', 'Cabra East C', 'Cabra West A', 'Cabra West B', 'Cabra West C', 'Cabra West D', 'Drumcondra South A', 'Drumcondra South B', 'Drumcondra South C', 'Inns Quay A', 'Inns Quay B', 'Inns Quay C', 'Mountjoy A', 'Mountjoy B', 'North City', 'North Dock A', 'North Dock B', 'North Dock C', 'Rotunda A', 'Rotunda B']}",,,,"the electoral divisions of:
Arran Quay A, Arran Quay B, Arran Quay C, Arran Quay D, Arran Quay E, Ballybough A, Ballybough B, Botanic A, Botanic B, Botanic C, Cabra East A, Cabra East B, Cabra East C, Cabra West A, Cabra West B, Cabra West C, Cabra West D, Drumcondra South A, Drumcondra South B, Drumcondra South C, Inns Quay A, Inns Quay B, Inns Quay C, Mountjoy A, Mountjoy B, North City, North Dock A, North Dock B, North Dock C, Rotunda A, Rotunda B"
Dublin Fingal,Fingal,county,north,"['Balbriggan Rural', 'Balbriggan Urban', 'Balgriffin', 'Ballyboghil', 'Balscadden', 'Clonmethan', 'Donabate', 'Garristown', 'Hollywood', 'Holmpatrick', 'Kilsallaghan', 'Kinsaley', 'Lusk', 'Malahide East', 'Malahide West', 'Portmarnock North', 'Portmarnock South', 'Rush', 'Skerries', 'Swords-Forrest', 'Swords-Glasmore', 'Swords-Lissenhall', 'Swords-Seatown', 'Swords Village']","{'': ['Balbriggan Rural', 'Balbriggan Urban', 'Balgriffin', 'Ballyboghil', 'Balscadden', 'Clonmethan', 'Donabate', 'Garristown', 'Hollywood', 'Holmpatrick', 'Kilsallaghan', 'Kinsaley', 'Lusk', 'Malahide East', 'Malahide West', 'Portmarnock North', 'Portmarnock South', 'Rush', 'Skerries', 'Swords-Forrest', 'Swords-Glasmore', 'Swords-Lissenhall', 'Swords-Seatown', 'Swords Village']}","['Airport', 'Dubber', 'Turnapin']",,"the Northern Cross Route (M50), passing in a clockwise direction around and excluding roundabout No. 3 at the junction of the Northern Cross Route (M50) with the M1 Motorway","the electoral divisions of:
Balbriggan Rural, Balbriggan Urban, Balgriffin, Ballyboghil, Balscadden, Clonmethan, Donabate, Garristown, Hollywood, Holmpatrick, Kilsallaghan, Kinsaley, Lusk, Malahide East, Malahide West, Portmarnock North, Portmarnock South, Rush, Skerries, Swords-Forrest, Swords-Glasmore, Swords- Lissenhall, Swords-Seatown, Swords Village;
and those parts of the electoral divisions of Airport, Dubber and Turnapin situated north of a line drawn along the Northern Cross Route (M50), passing in a clockwise direction around and excluding roundabout No. 3 at the junction of the Northern Cross Route (M50) with the M1 Motorway"
Dublin Mid-West,South Dublin,county,west,"['Clondalkin-Cappaghmore', 'Clondalkin-Dunawley', 'Clondalkin-Moorfield', 'Clondalkin-Rowlagh', 'Clondalkin Village', 'Lucan-Esker', 'Lucan Heights', 'Lucan-St. Helens', 'Newcastle', 'Palmerston Village', 'Palmerston West', 'Rathcoole', 'Saggart']","{'': ['Clondalkin-Cappaghmore', 'Clondalkin-Dunawley', 'Clondalkin-Moorfield', 'Clondalkin-Rowlagh', 'Clondalkin Village', 'Lucan-Esker', 'Lucan Heights', 'Lucan-St. Helens', 'Newcastle', 'Palmerston Village', 'Palmerston West', 'Rathcoole', 'Saggart']}",['Clondalkin-Monastery'],,the M50 Western Parkway,"the electoral divisions of:
Clondalkin-Cappaghmore, Clondalkin-Dunawley, Clondalkin-Moorfield, Clondalkin-Rowlagh, Clondalkin Village, Lucan-Esker, Lucan Heights, Lucan-St. Helens, Newcastle, Palmerston Village, Palmerston West, Rathcoole, Saggart;
and that part of the electoral division of Clondalkin- Monastery situated west of a line drawn along the M50 Western Parkway"
Dublin North-West,Dublin,city,,"['Ballygall A', 'Ballygall B', 'Ballygall C', 'Ballygall D', 'Ballymun A', 'Ballymun B', 'Ballymun C', 'Ballymun D', 'Ballymun E', 'Ballymun F', 'Beaumont A', 'Finglas North A', 'Finglas North B', 'Finglas North C', 'Finglas South A', 'Finglas South B', 'Finglas South C', 'Finglas South D', 'Whitehall A', 'Whitehall B', 'Whitehall C', 'Whitehall D']","{'': ['Ballygall A', 'Ballygall B', 'Ballygall C', 'Ballygall D', 'Ballymun A', 'Ballymun B', 'Ballymun C', 'Ballymun D', 'Ballymun E', 'Ballymun F', 'Beaumont A', 'Finglas North A', 'Finglas North B', 'Finglas North C', 'Finglas South A', 'Finglas South B', 'Finglas South C', 'Finglas South D', 'Whitehall A', 'Whitehall B', 'Whitehall C', 'Whitehall D']}",,,,"the electoral divisions of:
Ballygall A, Ballygall B, Ballygall C, Ballygall D, Ballymun A, Ballymun B, Ballymun C, Ballymun D, Ballymun E, Ballymun F, Beaumont A, Finglas North A, Finglas North B, Finglas North C, Finglas South A, Finglas South B, Finglas South C, Finglas South D, Whitehall A, Whitehall B, Whitehall C, Whitehall D"
Dublin North-West,Fingal,county,south,[],{'': []},"['Airport', 'Blanchardstown-Abbotstown', 'Dubber', 'The Ward', 'Turnapin']",,"the Northern Cross Route (M50), passing in a clockwise direction around and including roundabout No. 3 at the junction of the Northern Cross Route (M50) with the M1 Motorway","those parts of the electoral divisions of Airport, Blanchardstown-Abbotstown, Dubber, The Ward and Turnapin situated south of a line drawn along the Northern Cross Route (M50), passing in a clockwise direction around and including roundabout No. 3 at the junction of the Northern Cross Route (M50) with the M1 Motorway"
DublinRathdown,Dún Laoghaire-Rathdown,county,,"['Ballinteer-Broadford', 'Ballinteer-Ludford', 'Ballinteer-Marley', 'Ballinteer-Meadowbroads', 'Ballinteer-Meadowmount', 'Ballinteer-Woodpark', 'Churchtown-Castle', 'Churchtown-Landscape', 'Churchtown-Nutgrove', 'Churchtown-Orwell', 'Churchtown-Woodlawn', 'Clonskeagh-Belfield', 'Clonskeagh-Farranboley', 'Clonskeagh-Milltown', 'Clonskeagh-Roebuck', 'Clonskeagh-Windy Arbour', 'Dundrum-Balally', 'Dundrum-Kilmacud', 'Dundrum-Sandyford', 'Dundrum-Sweetmount', 'Dundrum-Taney', 'Stillorgan-Deerpark', 'Stillorgan-Kilmacud', 'Stillorgan-Merville', 'Stillorgan-Mount Merrion', 'Tibradden', 'the electoral division of Glencullen except for that part that is in the constituency of Dún Laoghaire']","{'': ['Ballinteer-Broadford', 'Ballinteer-Ludford', 'Ballinteer-Marley', 'Ballinteer-Meadowbroads', 'Ballinteer-Meadowmount', 'Ballinteer-Woodpark', 'Churchtown-Castle', 'Churchtown-Landscape', 'Churchtown-Nutgrove', 'Churchtown-Orwell', 'Churchtown-Woodlawn', 'Clonskeagh-Belfield', 'Clonskeagh-Farranboley', 'Clonskeagh-Milltown', 'Clonskeagh-Roebuck', 'Clonskeagh-Windy Arbour', 'Dundrum-Balally', 'Dundrum-Kilmacud', 'Dundrum-Sandyford', 'Dundrum-Sweetmount', 'Dundrum-Taney', 'Stillorgan-Deerpark', 'Stillorgan-Kilmacud', 'Stillorgan-Merville', 'Stillorgan-Mount Merrion', 'Tibradden', 'the electoral division of Glencullen except for that part that is in the constituency of Dún Laoghaire']}",,,,"the electoral divisions of:
Ballinteer-Broadford, Ballinteer-Ludford, Ballinteer-Marley, Ballinteer-Meadowbroads, Ballinteer-Meadowmount, Ballinteer-Woodpark, Churchtown-Castle, Churchtown- Landscape, Churchtown-Nutgrove, Churchtown-Orwell, Churchtown-Woodlawn, Clonskeagh-Belfield, Clonskeagh- Farranboley, Clonskeagh-Milltown, Clonskeagh-Roebuck, Clonskeagh-Windy Arbour, Dundrum-Balally, Dundrum- Kilmacud, Dundrum-Sandyford, Dundrum-Sweetmount, Dundrum-Taney, Stillorgan-Deerpark, Stillorgan-Kilmacud, Stillorgan-Merville, Stillorgan-Mount Merrion, Tibradden;
and the electoral division of Glencullen except for that part that is in the constituency of Dún Laoghaire"
Dublin South-Central,Dublin,city,south,"['Carna', 'Chapelizod', 'Cherry-Orchard A', 'Cherry-Orchard C', 'Crumlin A', 'Crumlin B', 'Crumlin C', 'Crumlin D', 'Crumlin E', 'Crumlin F', 'Decies', 'Drumfinn', 'Inchicore A', 'Inchicore B', 'Kilmainham A', 'Kilmainham B', 'Kilmainham C', 'Kimmage A', 'Kimmage B', 'Kimmage D', 'Kimmage E', 'Kylemore', 'Merchants Quay A', 'Merchants Quay B', 'Merchants Quay C', 'Merchants Quay D', 'Merchants Quay E', 'Merchants Quay F', 'Ushers A', 'Ushers B', 'Ushers C', 'Ushers D', 'Ushers E', 'Ushers F', 'Walkinstown A', 'Walkinstown B', 'Walkinstown C']","{'': ['Carna', 'Chapelizod', 'Cherry-Orchard A', 'Cherry-Orchard C', 'Crumlin A', 'Crumlin B', 'Crumlin C', 'Crumlin D', 'Crumlin E', 'Crumlin F', 'Decies', 'Drumfinn', 'Inchicore A', 'Inchicore B', 'Kilmainham A', 'Kilmainham B', 'Kilmainham C', 'Kimmage A', 'Kimmage B', 'Kimmage D', 'Kimmage E', 'Kylemore', 'Merchants Quay A', 'Merchants Quay B', 'Merchants Quay C', 'Merchants Quay D', 'Merchants Quay E', 'Merchants Quay F', 'Ushers A', 'Ushers B', 'Ushers C', 'Ushers D', 'Ushers E', 'Ushers F', 'Walkinstown A', 'Walkinstown B', 'Walkinstown C']}",['Phoenix Park'],,"Chapelizod Road, Conyngham Road and Parkgate Street","the electoral divisions of:
Carna, Chapelizod, Cherry-Orchard A, Cherry-Orchard C, Crumlin A, Crumlin B, Crumlin C, Crumlin D, Crumlin E, Crumlin F, Decies, Drumfinn, Inchicore A, Inchicore B, Kilmainham A, Kilmainham B, Kilmainham C, Kimmage A, Kimmage B, Kimmage D, Kimmage E, Kylemore, Merchants Quay A, Merchants Quay B, Merchants Quay C, Merchants Quay D, Merchants Quay E, Merchants Quay F, Ushers A, Ushers B, Ushers C, Ushers D, Ushers E, Ushers F, Walkinstown A, Walkinstown B, Walkinstown C;
and that part of the electoral division of Phoenix Park situated south of a line drawn along Chapelizod Road, Conyngham Road and Parkgate Street"
Dublin South-Central,South Dublin,county,east,"['Templeogue-Kimmage Manor', 'Terenure-Cherryfield', 'Terenure-Greentrees']","{'': ['Templeogue-Kimmage Manor', 'Terenure-Cherryfield', 'Terenure-Greentrees']}","['Clondalkin-Ballymount', 'Clondalkin-Monastery', 'Tallaght-Kilnamanagh']",,the M50 Western Parkway,"the electoral divisions of:
Templeogue-Kimmage Manor, Terenure-Cherryfield, Terenure-Greentrees;
and those parts of the electoral divisions of Clondalkin- Ballymount, Clondalkin-Monastery and Tallaght- Kilnamanagh situated east of a line drawn along the M50 Western Parkway"
Dublin South-West,South Dublin,county,west,"['Ballinascorney', 'Ballyboden', 'Bohernabreena', 'Edmondstown', 'Firhouse-Ballycullen', 'Firhouse-Knocklyon', 'Firhouse Village', 'Rathfarnham-Ballyroan', 'Rathfarnham-Butterfield', 'Rathfarnham-Hermitage', 'Rathfarnham-St. Enda’s', 'Rathfarnham Village', 'Tallaght-Avonbeg', 'Tallaght-Belgard', 'Tallaght-Fettercairn', 'Tallaght-Glenview', 'Tallaght-Jobstown', 'Tallaght-Killinardan', 'Tallaght-Kiltipper', 'Tallaght-Kingswood', 'Tallaght-Millbrook', 'Tallaght-Oldbawn', 'Tallaght-Springfield', 'Tallaght-Tymon', 'Templeogue-Cypress', 'Templeogue-Limekiln', 'Templeogue-Orwell', 'Templeogue-Osprey', 'Templeogue Village', 'Terenure-St. James']","{'': ['Ballinascorney', 'Ballyboden', 'Bohernabreena', 'Edmondstown', 'Firhouse-Ballycullen', 'Firhouse-Knocklyon', 'Firhouse Village', 'Rathfarnham-Ballyroan', 'Rathfarnham-Butterfield', 'Rathfarnham-Hermitage', 'Rathfarnham-St. Enda’s', 'Rathfarnham Village', 'Tallaght-Avonbeg', 'Tallaght-Belgard', 'Tallaght-Fettercairn', 'Tallaght-Glenview', 'Tallaght-Jobstown', 'Tallaght-Killinardan', 'Tallaght-Kiltipper', 'Tallaght-Kingswood', 'Tallaght-Millbrook', 'Tallaght-Oldbawn', 'Tallaght-Springfield', 'Tallaght-Tymon', 'Templeogue-Cypress', 'Templeogue-Limekiln', 'Templeogue-Orwell', 'Templeogue-Osprey', 'Templeogue Village', 'Terenure-St. James']}","['Clondalkin-Ballymount', 'Tallaght-Kilnamanagh']",,the M50 Western Parkway,"the electoral divisions of:
Ballinascorney, Ballyboden, Bohernabreena, Edmondstown, Firhouse-Ballycullen, Firhouse-Knocklyon, Firhouse Village, Rathfarnham-Ballyroan, Rathfarnham-Butterfield, Rathfarnham-Hermitage, Rathfarnham-St. Enda’s, Rathfarnham Village, Tallaght-Avonbeg, Tallaght-Belgard, Tallaght-Fettercairn, Tallaght-Glenview, Tallaght-Jobstown, Tallaght-Killinardan, Tallaght-Kiltipper, Tallaght- Kingswood, Tallaght-Millbrook, Tallaght-Oldbawn, Tallaght- Springfield, Tallaght-Tymon, Templeogue-Cypress, Templeogue-Limekiln, Templeogue-Orwell, Templeogue- Osprey, Templeogue Village, Terenure-St. James;
and those parts of the electoral divisions of Clondalkin- Ballymount and Tallaght-Kilnamanagh situated west of a line drawn along the M50 Western Parkway"
Dublin West,Fingal,county,north,"['Blanchardstown-Blakestown', 'Blanchardstown-Coolmine', 'Blanchardstown-Corduff', 'Blanchardstown-Delwood', 'Blanchardstown-Mulhuddart', 'Blanchardstown-Roselawn', 'Blanchardstown-Tyrrelstown', 'Castleknock-Knockmaroon', 'Castleknock-Park', 'Lucan North']","{'': ['Blanchardstown-Blakestown', 'Blanchardstown-Coolmine', 'Blanchardstown-Corduff', 'Blanchardstown-Delwood', 'Blanchardstown-Mulhuddart', 'Blanchardstown-Roselawn', 'Blanchardstown-Tyrrelstown', 'Castleknock-Knockmaroon', 'Castleknock-Park', 'Lucan North']}","['Blanchardstown-Abbotstown', '', 'The Ward']",,the Northern Cross Route (M50),"the electoral divisions of:
Blanchardstown-Blakestown, Blanchardstown-Coolmine, Blanchardstown-Corduff, Blanchardstown-Delwood, Blanchardstown-Mulhuddart, Blanchardstown-Roselawn, Blanchardstown-Tyrrelstown, Castleknock-Knockmaroon, Castleknock-Park, Lucan North;
and those parts of the electoral divisions of Blanchardstown- Abbotstown, and The Ward situated north of a line drawn along the Northern Cross Route (M50)"
Dublin West,Dublin,city,north,"['Ashtown A', 'Ashtown B']","{'': ['Ashtown A', 'Ashtown B']}",['Phoenix Park'],,"Chapelizod Road, Conyngham Road and Parkgate Street","the electoral divisions of:
Ashtown A, Ashtown B;
and that part of the electoral division of Phoenix Park situated north of a line drawn along Chapelizod Road, Conyngham Road and Parkgate Street"
Dún Laoghaire,Dún Laoghaire-Rathdown,county,east,"['Ballybrack', 'Blackrock-Booterstown', 'Blackrock-Carysfort', 'Blackrock-Central', 'Blackrock-Glenomena', 'Blackrock-Monkstown', 'Blackrock-Newpark', 'Blackrock-Seapoint', 'Blackrock-Stradbrook', 'Blackrock-Templehill', 'Blackrock-Williamstown', 'Cabinteely-Granitefield', 'Cabinteely-Kilbogget', 'Cabinteely-Loughlinstown', 'Cabinteely-Pottery', 'Dalkey-Avondale', 'Dalkey-Bullock', 'Dalkey-Coliemore', 'Dalkey Hill', 'Dalkey Upper', 'Dún Laoghaire-East Central', 'Dún Laoghaire-Glasthule', 'Dún Laoghaire-Glenageary', 'Dún Laoghaire-Monkstown Farm', 'Dún Laoghaire-Mount Town', 'Dún Laoghaire-Sallynoggin East', 'Dún Laoghaire-Sallynoggin South', 'Dún Laoghaire-Sallynoggin West', 'Dún Laoghaire-Salthill', 'Dún Laoghaire-Sandycove', 'Dún Laoghaire-West Central', 'Foxrock-Beechpark', 'Foxrock-Carrickmines', 'Foxrock-Deansgrange', 'Foxrock-Torquay', 'Killiney North', 'Killiney South', 'Shankill-Rathmichael', 'Shankill-Rathsallagh', 'Shankill-Shanganagh', 'Stillorgan-Leopardstown', 'Stillorgan-Priory']","{'': ['Ballybrack', 'Blackrock-Booterstown', 'Blackrock-Carysfort', 'Blackrock-Central', 'Blackrock-Glenomena', 'Blackrock-Monkstown', 'Blackrock-Newpark', 'Blackrock-Seapoint', 'Blackrock-Stradbrook', 'Blackrock-Templehill', 'Blackrock-Williamstown', 'Cabinteely-Granitefield', 'Cabinteely-Kilbogget', 'Cabinteely-Loughlinstown', 'Cabinteely-Pottery', 'Dalkey-Avondale', 'Dalkey-Bullock', 'Dalkey-Coliemore', 'Dalkey Hill', 'Dalkey Upper', 'Dún Laoghaire-East Central', 'Dún Laoghaire-Glasthule', 'Dún Laoghaire-Glenageary', 'Dún Laoghaire-Monkstown Farm', 'Dún Laoghaire-Mount Town', 'Dún Laoghaire-Sallynoggin East', 'Dún Laoghaire-Sallynoggin South', 'Dún Laoghaire-Sallynoggin West', 'Dún Laoghaire-Salthill', 'Dún Laoghaire-Sandycove', 'Dún Laoghaire-West Central', 'Foxrock-Beechpark', 'Foxrock-Carrickmines', 'Foxrock-Deansgrange', 'Foxrock-Torquay', 'Killiney North', 'Killiney South', 'Shankill-Rathmichael', 'Shankill-Rathsallagh', 'Shankill-Shanganagh', 'Stillorgan-Leopardstown', 'Stillorgan-Priory']}",['Glencullen'],,the M50 Motorway and to the south of the N31 and the Leopardstown Road,"the electoral divisions of:
Ballybrack, Blackrock-Booterstown, Blackrock-Carysfort, Blackrock-Central, Blackrock-Glenomena, Blackrock- Monkstown, Blackrock-Newpark, Blackrock-Seapoint, Blackrock-Stradbrook, Blackrock-Templehill, Blackrock- Williamstown, Cabinteely-Granitefield, Cabinteely- Kilbogget, Cabinteely-Loughlinstown, Cabinteely-Pottery, Dalkey-Avondale, Dalkey-Bullock, Dalkey-Coliemore, Dalkey Hill, Dalkey Upper, Dún Laoghaire-East Central, Dún Laoghaire-Glasthule, Dún Laoghaire-Glenageary, Dún Laoghaire-Monkstown Farm, Dún Laoghaire-Mount Town, Dún Laoghaire-Sallynoggin East, Dún Laoghaire-Sallynoggin South, Dún Laoghaire-Sallynoggin West, Dún Laoghaire- Salthill, Dún Laoghaire-Sandycove, Dún Laoghaire-West Central, Foxrock-Beechpark, Foxrock-Carrickmines, Foxrock-Deansgrange, Foxrock-Torquay, Killiney North, Killiney South, Shankill-Rathmichael, Shankill-Rathsallagh, Shankill-Shanganagh, Stillorgan-Leopardstown, Stillorgan- Priory;
and that part of the electoral division of Glencullen that lies to the east of the M50 Motorway and to the south of the N31 and the Leopardstown Road"
Galway East,Galway,county,,"['Abbeygormacan', 'Clonfert', 'Killoran', 'Kilmacshane', 'Kiltormer', 'Laurencetown', 'Aughrim', 'Belleville', 'Deerpark', 'Stradbally', 'Ardamullivan', 'Ardrahan', 'Ballycahalan', 'Beagh', 'Cahermore', 'Cappard', 'Castletaylor', 'Doorus', 'Drumacoo', 'Gort', 'Kilbeacanty', 'Killeely', 'Killeenavarra', 'Killinny', 'Kiltartan', 'Kilthomas', 'Kinvarra', 'Rahasane', 'Skehanagh', 'Aille', 'Athenry', 'Ballynagar', 'Bracklagh', 'Bullaun', 'Cappalusk', 'Castleboy', 'Cloonkeen', 'Colmanstown', 'Craughwell', 'Derrylaur', 'Drumkeary', 'Graigabbey', 'Grange', 'Greethill', 'Kilchreest', 'Kilconickny', 'Kilconierin', 'Killimor', 'Killogilleen', 'Kilmeen', 'Kilreekill', 'Kilteskill', 'Kiltullagh', 'Lackalea', 'Leitrim', 'Loughatorick', 'Loughrea Rural', 'Loughrea Urban', 'Marblehill', 'Mountain', 'Movode', 'Raford', 'Tiaquin', 'Woodford', 'Cooloo', 'Derryglassaun', 'Abbeyville', 'Ballyglass', 'Coos', 'Derrew', 'Drummin', 'Eyrecourt', 'Killimor', 'Kilmalinoge', 'Kilquain', 'Meelick', 'Moat', 'Pallas', 'Portumna', 'Tiranascragh', 'Tynagh', 'Abbey East', 'Abbey West', 'Annaghdown', 'Ballinderry', 'Ballinduff', 'Ballynapark', 'Beaghmore', 'Belclare', 'Carrowrevagh', 'Claretuam', 'Cummer', 'Donaghpatrick', 'Doonbally', 'Foxhall', 'Headford', 'Hillsbrook', 'Kilbennan', 'Kilcoona', 'Killeany', 'Killeen', 'Killererin', 'Killower', 'Killursa', 'Kilmoylan', 'Kilshanvy', 'Levally', 'Milltown', 'Monivea', 'Moyne', 'Ryehill', 'Tuam Rural', 'Tuam Urban']","{'': [], 'Rural District of Ballinasloe No. 1': ['Abbeygormacan', 'Clonfert', 'Killoran', 'Kilmacshane', 'Kiltormer', 'Laurencetown'], 'Rural District of Galway': ['Aughrim', 'Belleville', 'Deerpark', 'Stradbally'], 'Rural District of Gort': ['Ardamullivan', 'Ardrahan', 'Ballycahalan', 'Beagh', 'Cahermore', 'Cappard', 'Castletaylor', 'Doorus', 'Drumacoo', 'Gort', 'Kilbeacanty', 'Killeely', 'Killeenavarra', 'Killinny', 'Kiltartan', 'Kilthomas', 'Kinvarra', 'Rahasane', 'Skehanagh'], 'Rural District of Loughrea': ['Aille', 'Athenry', 'Ballynagar', 'Bracklagh', 'Bullaun', 'Cappalusk', 'Castleboy', 'Cloonkeen', 'Colmanstown', 'Craughwell', 'Derrylaur', 'Drumkeary', 'Graigabbey', 'Grange', 'Greethill', 'Kilchreest', 'Kilconickny', 'Kilconierin', 'Killimor', 'Killogilleen', 'Kilmeen', 'Kilreekill', 'Kilteskill', 'Kiltullagh', 'Lackalea', 'Leitrim', 'Loughatorick', 'Loughrea Rural', 'Loughrea Urban', 'Marblehill', 'Mountain', 'Movode', 'Raford', 'Tiaquin', 'Woodford'], 'Rural District of Mount Bellew': ['Cooloo', 'Derryglassaun'], 'Rural District of Portumna': ['Abbeyville', 'Ballyglass', 'Coos', 'Derrew', 'Drummin', 'Eyrecourt', 'Killimor', 'Kilmalinoge', 'Kilquain', 'Meelick', 'Moat', 'Pallas', 'Portumna', 'Tiranascragh', 'Tynagh'], 'Rural District of Tuam': ['Abbey East', 'Abbey West', 'Annaghdown', 'Ballinderry', 'Ballinduff', 'Ballynapark', 'Beaghmore', 'Belclare', 'Carrowrevagh', 'Claretuam', 'Cummer', 'Donaghpatrick', 'Doonbally', 'Foxhall', 'Headford', 'Hillsbrook', 'Kilbennan', 'Kilcoona', 'Killeany', 'Killeen', 'Killererin', 'Killower', 'Killursa', 'Kilmoylan', 'Kilshanvy', 'Levally', 'Milltown', 'Monivea', 'Moyne', 'Ryehill', 'Tuam Rural', 'Tuam Urban']}",,,,"the electoral divisions of:
Abbeygormacan, Clonfert, Killoran, Kilmacshane, Kiltormer, Laurencetown, in the former Rural District of Ballinasloe No. 1;
Aughrim, Belleville, Deerpark, Stradbally, in the former Rural District of Galway;
Ardamullivan, Ardrahan, Ballycahalan, Beagh, Cahermore, Cappard, Castletaylor, Doorus, Drumacoo, Gort, Kilbeacanty, Killeely, Killeenavarra, Killinny, Kiltartan, Kilthomas, Kinvarra, Rahasane, Skehanagh, in the former Rural District of Gort;
Aille, Athenry, Ballynagar, Bracklagh, Bullaun, Cappalusk, Castleboy, Cloonkeen, Colmanstown, Craughwell, Derrylaur, Drumkeary, Graigabbey, Grange, Greethill, Kilchreest, Kilconickny, Kilconierin, Killimor, Killogilleen, Kilmeen, Kilreekill, Kilteskill, Kiltullagh, Lackalea, Leitrim, Loughatorick, Loughrea Rural, Loughrea Urban, Marblehill, Mountain, Movode, Raford, Tiaquin, Woodford, in the former Rural District of Loughrea;
Cooloo, Derryglassaun, in the former Rural District of Mount Bellew;
Abbeyville, Ballyglass, Coos, Derrew, Drummin, Eyrecourt, Killimor, Kilmalinoge, Kilquain, Meelick, Moat, Pallas, Portumna, Tiranascragh, Tynagh, in the former Rural District of Portumna;
Abbey East, Abbey West, Annaghdown, Ballinderry, Ballinduff, Ballynapark, Beaghmore, Belclare, Carrowrevagh, Claretuam, Cummer, Donaghpatrick, Doonbally, Foxhall, Headford, Hillsbrook, Kilbennan, Kilcoona, Killeany, Killeen, Killererin, Killower, Killursa, Kilmoylan, Kilshanvy, Levally, Milltown, Monivea, Moyne, Ryehill, Tuam Rural, Tuam Urban, in the former Rural District of Tuam"
Galway West,Galway,city,,,,,,,
Galway West,Galway,county,,"['Abhainn Ghabhla', 'An Cnoc Buí', 'An Uillinn', 'Ballynakill', 'Binn an Choire', 'Bunowen', 'Cleggan', 'Clifden', 'Cloch na Rón', 'Cushkillary', 'Derrycunlagh', 'Derrylea', 'Doonloughan', 'Errislannan', 'Inishbofin', 'Maíros', 'Rinvyle', 'Scainimh', 'Sillerna', 'An Carn Mór', 'An Spidéal', 'Árainn', 'Baile Chláir', 'Baile an Teampaill', 'Ballynacourty', 'Bearna', 'Ceathrú an Bhrúnaigh', 'Cill Aithnín', 'Clarinbridge', 'Eanach Dhúin', 'Galway Rural (part)', 'Kilcummin', 'Leacach Beag', 'Liscananaun', 'Lisín an Bhealaigh', 'Maigh Cuilinn', 'Na Forbacha', 'Oranmore', 'Sailearna', 'Sliabh an Aonaigh', 'Tulaigh Mhic Aodháin', 'An Chorr', 'An Crompán', 'An Fhairche', 'An Ros', 'An Turlach', 'Camas', 'Cill Chuimín', 'Conga', 'Garmna', 'Leitir Breacáin', 'Leitir Móir', 'Letterfore', 'Oughterard', 'Wormhole']","{'': [], 'Rural District of Clifden': ['Abhainn Ghabhla', 'An Cnoc Buí', 'An Uillinn', 'Ballynakill', 'Binn an Choire', 'Bunowen', 'Cleggan', 'Clifden', 'Cloch na Rón', 'Cushkillary', 'Derrycunlagh', 'Derrylea', 'Doonloughan', 'Errislannan', 'Inishbofin', 'Maíros', 'Rinvyle', 'Scainimh', 'Sillerna'], 'Rural District of Galway': ['An Carn Mór', 'An Spidéal', 'Árainn', 'Baile Chláir', 'Baile an Teampaill', 'Ballynacourty', 'Bearna', 'Ceathrú an Bhrúnaigh', 'Cill Aithnín', 'Clarinbridge', 'Eanach Dhúin', 'Galway Rural (part)', 'Kilcummin', 'Leacach Beag', 'Liscananaun', 'Lisín an Bhealaigh', 'Maigh Cuilinn', 'Na Forbacha', 'Oranmore', 'Sailearna', 'Sliabh an Aonaigh', 'Tulaigh Mhic Aodháin'], 'Rural District of Oughterard': ['An Chorr', 'An Crompán', 'An Fhairche', 'An Ros', 'An Turlach', 'Camas', 'Cill Chuimín', 'Conga', 'Garmna', 'Leitir Breacáin', 'Leitir Móir', 'Letterfore', 'Oughterard', 'Wormhole']}",,,,"the electoral divisions of:
Abhainn Ghabhla, An Cnoc Buí, An Uillinn, Ballynakill, Binn an Choire, Bunowen, Cleggan, Clifden, Cloch na Rón, Cushkillary, Derrycunlagh, Derrylea, Doonloughan, Errislannan, Inishbofin, Maíros, Rinvyle, Scainimh, Sillerna, in the former Rural District of Clifden;
An Carn Mór, An Spidéal, Árainn, Baile Chláir, Baile an Teampaill, Ballynacourty, Bearna, Ceathrú an Bhrúnaigh, Cill Aithnín, Clarinbridge, Eanach Dhúin, Galway Rural (part), Kilcummin, Leacach Beag, Liscananaun, Lisín an Bhealaigh, Maigh Cuilinn, Na Forbacha, Oranmore, Sailearna, Sliabh an Aonaigh, Tulaigh Mhic Aodháin, in the former Rural District of Galway;
An Chorr, An Crompán, An Fhairche, An Ros, An Turlach, Camas, Cill Chuimín, Conga, Garmna, Leitir Breacáin, Leitir Móir, Letterfore, Oughterard, Wormhole, in the former Rural District of Oughterard"
Galway West,Mayo,county,,"['Cong', 'Dalgan', 'Houndswood', 'Kilmaine', 'Neale', 'Shrule']","{'': [], 'Rural District of Ballinrobe': ['Cong', 'Dalgan', 'Houndswood', 'Kilmaine', 'Neale', 'Shrule']}",,,,"the electoral divisions of:
Cong, Dalgan, Houndswood, Kilmaine, Neale, Shrule, in the former Rural District of Ballinrobe"
Kerry,Kerry,county,,,,,,,
Kildare North,Kildare,county,,"['Naas Urban', 'Balraheen', 'Celbridge', 'Cloncurry', 'Donadea', 'Donaghcumper', 'Kilcock', 'Leixlip', 'Maynooth', 'Straffan', 'Ballynadrumny', 'Cadamstown', 'Dunfierth', 'Bodenstown', 'Clane', 'Downings', 'Kill', 'Kilteel', 'Naas Rural', 'Newtown', 'Oughterard', 'Rathmore', 'Timahoe North']","{'': ['Naas Urban'], 'Rural District of Celbridge No. 1': ['Balraheen', 'Celbridge', 'Cloncurry', 'Donadea', 'Donaghcumper', 'Kilcock', 'Leixlip', 'Maynooth', 'Straffan'], 'Rural District of Edenderry No. 2': ['Ballynadrumny', 'Cadamstown', 'Dunfierth'], 'Rural District of Naas No. 1': ['Bodenstown', 'Clane', 'Downings', 'Kill', 'Kilteel', 'Naas Rural', 'Newtown', 'Oughterard', 'Rathmore', 'Timahoe North']}",,,,"the electoral divisions of:
Balraheen, Celbridge, Cloncurry, Donadea, Donaghcumper, Kilcock, Leixlip, Maynooth, Straffan, in the former Rural District of Celbridge No. 1;
Ballynadrumny, Cadamstown, Dunfierth, in the former Rural District of Edenderry No. 2;
Bodenstown, Clane, Downings, Kill, Kilteel, Naas Rural, Newtown, Oughterard, Rathmore, Timahoe North, in the former Rural District of Naas No. 1;
and Naas Urban"
Kildare South,Kildare,county,,,,,['Kildare North'],,except the part thereof which is comprised in the constituency of Kildare North
Kildare South,Laois,county,,"['Ballybrittas', 'Jamestown', 'Kilmullen', 'Portarlington South']","{'': [], 'Rural District of Mountmellick': ['Ballybrittas', 'Jamestown', 'Kilmullen', 'Portarlington South']}",,,,"the electoral divisions of:
Ballybrittas, Jamestown, Kilmullen, Portarlington South, in the former Rural District of Mountmellick"
Kildare South,Offaly,county,,['Portarlington North'],"{'': [], 'Rural District of Tullamore': ['Portarlington North']}",,,,"the electoral division of:
Portarlington North, in the former Rural District of Tullamore"
Laois-Offaly,Laois,county,,,,,['Kildare South'],,except those parts that are compromised within the constituency of Kildare South
Laois-Offaly,Offaly,county,,,,,['Kildare South'],,except those parts that are comprised within the constituency of Kildare South
Limerick City,Limerick,city and county,,"['Abbey A', 'Abbey B', 'Abbey C', 'Abbey D', 'Ballinacurra A', 'Ballinacurra B', 'Ballynanty', 'Castle A', 'Castle B', 'Castle C', 'Castle D', 'Coolraine', 'Custom House', 'Dock A', 'Dock B', 'Dock C', 'Dock D', 'Farranshone', 'Galvone A', 'Galvone B', 'Glentworth A', 'Glentworth B', 'Glentworth C', 'John’s A', 'John’s B', 'John’s C', 'Kilkeely A', 'Kilkeely B', 'Market', 'Prospect A', 'Prospect B', 'Rathbane', 'Shannon A', 'Shannon B', 'Singland A', 'Singland B', 'St. Laurence', 'Abington', 'Ballybricken', 'Ballycummin', 'Ballysimon', 'Ballyvarra', 'Caherconlish East', 'Caherconlish West', 'Castleconnell', 'Clonkeen', 'Glenstal', 'Limerick North Rural', 'Limerick South Rural', 'Roxborough']","{'': [], 'City of Limerick': ['Abbey A', 'Abbey B', 'Abbey C', 'Abbey D', 'Ballinacurra A', 'Ballinacurra B', 'Ballynanty', 'Castle A', 'Castle B', 'Castle C', 'Castle D', 'Coolraine', 'Custom House', 'Dock A', 'Dock B', 'Dock C', 'Dock D', 'Farranshone', 'Galvone A', 'Galvone B', 'Glentworth A', 'Glentworth B', 'Glentworth C', 'John’s A', 'John’s B', 'John’s C', 'Kilkeely A', 'Kilkeely B', 'Market', 'Prospect A', 'Prospect B', 'Rathbane', 'Shannon A', 'Shannon B', 'Singland A', 'Singland B', 'St. Laurence'], 'Rural District of Limerick No. 1': ['Abington', 'Ballybricken', 'Ballycummin', 'Ballysimon', 'Ballyvarra', 'Caherconlish East', 'Caherconlish West', 'Castleconnell', 'Clonkeen', 'Glenstal', 'Limerick North Rural', 'Limerick South Rural', 'Roxborough']}",,,,"the electoral divisions of:
Abbey A, Abbey B, Abbey C, Abbey D, Ballinacurra A, Ballinacurra B, Ballynanty, Castle A, Castle B, Castle C, Castle D, Coolraine, Custom House, Dock A, Dock B, Dock C, Dock D, Farranshone, Galvone A, Galvone B, Glentworth A, Glentworth B, Glentworth C, John’s A, John’s B, John’s C, Kilkeely A, Kilkeely B, Market, Prospect A, Prospect B, Rathbane, Shannon A, Shannon B, Singland A, Singland B, St. Laurence, in the former City of Limerick;
Abington, Ballybricken, Ballycummin, Ballysimon, Ballyvarra, Caherconlish East, Caherconlish West, Castleconnell, Clonkeen, Glenstal, Limerick North Rural, Limerick South Rural, Roxborough, in the former Rural District of Limerick No. 1"
Limerick City,Tipperary,county,,"['Birdhill', 'Kilcomenty', 'Newport']","{'': [], 'Rural District of Nenagh': ['Birdhill', 'Kilcomenty', 'Newport']}",,,,"the electoral divisions of:
Birdhill, Kilcomenty, Newport in the former Rural District of Nenagh"
LimerickCounty,Limerick,city and county,,,,,['Limerick City'],,except the parts thereof which are comprised in the constituency of Limerick City
Longford-Westmeath,Longford,county,,,,,,,
Longford-Westmeath,Westmeath,county,,"['Athlone East Urban', 'Athlone West Urban', 'Athlone East Rural', 'Auburn', 'Ballybroder', 'Bellanalack', 'Carn', 'Castledaly', 'Glassan', 'Kilcumreragh', 'Killinure', 'Moate', 'Mount Temple', 'Moydrum', 'Muckanagh', 'Tubbrit', 'Umma', 'Ardnagragh', 'Ballymore', 'Doonis', 'Drumraney', 'Noughaval', 'Piercetown', 'Templepatrick', 'Winetown', 'Boherquill', 'Coole', 'Coolure', 'Finnea', 'Glore', 'Knockarrow', 'Rathowen', 'Street', 'Ardnaglew', 'Ballinalack', 'Ballykilmore', 'Ballymorin', 'Ballynagore', 'Belvidere', 'Carrick', 'Castle', 'Castlelost', 'Castletown', 'Churchtown', 'Cloghan', 'Clonfad', 'Clonlost', 'Derrymore', 'Dysart', 'Emper', 'Enniscoffey', 'Gaybrook', 'Glenlough', 'Greenpark', 'Griffinstown', 'Heathstown', 'Hopestown', 'Huntingdon', 'Jamestown', 'Kilbeggan', 'Kilbixy', 'Killare', 'Killucan', 'Kinnegad', 'Knockdrin', 'Lackan', 'Lauree', 'Middleton', 'Milltown', 'Mullingar Rural', 'Mullingar North Urban', 'Mullingar South Urban', 'Multyfarnham', 'Newtown', 'Owel', 'Portloman', 'Raharney', 'Rahugh', 'Rathconrath', 'Russellstown', 'Skeagh', 'Sonna', 'Stonehall', 'Streamstown', 'Taghmon', 'Tullaghan', 'Woodland']","{'': ['Athlone East Urban', 'Athlone West Urban'], 'Rural District of Athlone No. 1': ['Athlone East Rural', 'Auburn', 'Ballybroder', 'Bellanalack', 'Carn', 'Castledaly', 'Glassan', 'Kilcumreragh', 'Killinure', 'Moate', 'Mount Temple', 'Moydrum', 'Muckanagh', 'Tubbrit', 'Umma'], 'Rural District of Ballymore': ['Ardnagragh', 'Ballymore', 'Doonis', 'Drumraney', 'Noughaval', 'Piercetown', 'Templepatrick', 'Winetown'], 'Rural District of Coole': ['Boherquill', 'Coole', 'Coolure', 'Finnea', 'Glore', 'Knockarrow', 'Rathowen', 'Street'], 'Rural District of Mullingar': ['Ardnaglew', 'Ballinalack', 'Ballykilmore', 'Ballymorin', 'Ballynagore', 'Belvidere', 'Carrick', 'Castle', 'Castlelost', 'Castletown', 'Churchtown', 'Cloghan', 'Clonfad', 'Clonlost', 'Derrymore', 'Dysart', 'Emper', 'Enniscoffey', 'Gaybrook', 'Glenlough', 'Greenpark', 'Griffinstown', 'Heathstown', 'Hopestown', 'Huntingdon', 'Jamestown', 'Kilbeggan', 'Kilbixy', 'Killare', 'Killucan', 'Kinnegad', 'Knockdrin', 'Lackan', 'Lauree', 'Middleton', 'Milltown', 'Mullingar Rural', 'Mullingar North Urban', 'Mullingar South Urban', 'Multyfarnham', 'Newtown', 'Owel', 'Portloman', 'Raharney', 'Rahugh', 'Rathconrath', 'Russellstown', 'Skeagh', 'Sonna', 'Stonehall', 'Streamstown', 'Taghmon', 'Tullaghan', 'Woodland']}",,,,"the electoral divisions of:
Athlone East Rural, Auburn, Ballybroder, Bellanalack, Carn, Castledaly, Glassan, Kilcumreragh, Killinure, Moate, Mount Temple, Moydrum, Muckanagh, Tubbrit, Umma, in the former Rural District of Athlone No. 1;
Ardnagragh, Ballymore, Doonis, Drumraney, Noughaval, Piercetown, Templepatrick, Winetown, in the former Rural District of Ballymore;
Boherquill, Coole, Coolure, Finnea, Glore, Knockarrow, Rathowen, Street, in the former Rural District of Coole;
Ardnaglew, Ballinalack, Ballykilmore, Ballymorin, Ballynagore, Belvidere, Carrick, Castle, Castlelost, Castletown, Churchtown, Cloghan, Clonfad, Clonlost, Derrymore, Dysart, Emper, Enniscoffey, Gaybrook, Glenlough, Greenpark, Griffinstown, Heathstown, Hopestown, Huntingdon, Jamestown, Kilbeggan, Kilbixy, Killare, Killucan, Kinnegad, Knockdrin, Lackan, Lauree, Middleton, Milltown, Mullingar Rural, Mullingar North Urban, Mullingar South Urban, Multyfarnham, Newtown, Owel, Portloman, Raharney, Rahugh, Rathconrath, Russellstown, Skeagh, Sonna, Stonehall, Streamstown, Taghmon, Tullaghan, Woodland, in the former Rural District of Mullingar;
and Athlone East Urban, Athlone West Urban"
Louth,Louth,county,,,,,,,
Louth,Meath,county,,"['Julianstown', 'St. Mary’s (part)']","{'': [], 'Rural District of Meath': ['Julianstown', 'St. Mary’s (part)']}",,,,"the electoral divisions of:
Julianstown, St. Mary’s (part), in the former Rural District of Meath"
Mayo,Mayo,county,,,,,['Galway West'],,except the part thereof which is comprised in the constituency of Galway West
Meath East,Meath,county,,"['Ceannanas Mór Urban', 'Grangegeeth', 'Killary', 'Culmullin', 'Donaghmore', 'Dunboyne', 'Dunshaughlin', 'Kilbrew', 'Killeen', 'Kilmore', 'Rathfeigh', 'Ratoath', 'Rodanstown', 'Skreen', 'Ceanannas Mór Rural', 'Cruicetown', 'Maperath', 'Moynalty', 'Newcastle', 'Newtown', 'Nobber', 'Staholmog', 'Ardcath', 'Duleek', 'Mellifont', 'Stamullin', 'Ardmulchan', 'Castletown', 'Domhnach Phádraig', 'Kentstown', 'Painestown', 'Rathkenny', 'Slane', 'Stackallan', 'Tara']","{'': ['Ceannanas Mór Urban'], 'Rural District of Ardee No. 2': ['Grangegeeth', 'Killary'], 'Rural District of Dunshaughlin': ['Culmullin', 'Donaghmore', 'Dunboyne', 'Dunshaughlin', 'Kilbrew', 'Killeen', 'Kilmore', 'Rathfeigh', 'Ratoath', 'Rodanstown', 'Skreen'], 'Rural District of Kells': ['Ceanannas Mór Rural', 'Cruicetown', 'Maperath', 'Moynalty', 'Newcastle', 'Newtown', 'Nobber', 'Staholmog'], 'Rural District of Meath': ['Ardcath', 'Duleek', 'Mellifont', 'Stamullin'], 'Rural District of Navan': ['Ardmulchan', 'Castletown', 'Domhnach Phádraig', 'Kentstown', 'Painestown', 'Rathkenny', 'Slane', 'Stackallan', 'Tara']}",,,,"the electoral divisions of:
Grangegeeth, Killary, in the former Rural District of Ardee No. 2;
Culmullin, Donaghmore, Dunboyne, Dunshaughlin, Kilbrew, Killeen, Kilmore, Rathfeigh, Ratoath, Rodanstown, Skreen, in the former Rural District of Dunshaughlin;
Ceanannas Mór Rural, Cruicetown, Maperath, Moynalty, Newcastle, Newtown, Nobber, Staholmog, in the former Rural District of Kells;
Ardcath, Duleek, Mellifont, Stamullin, in the former Rural District of Meath;
Ardmulchan, Castletown, Domhnach Phádraig, Kentstown, Painestown, Rathkenny, Slane, Stackallan, Tara, in the former Rural District of Navan;
and Ceannanas Mór Urban"
Meath West,Meath,county,,,,,"['Cavan-Monaghan', 'Louth', 'Meath East']",,"except the parts thereof which are comprised in the constituencies of Cavan-Monaghan, Louth and Meath East"
Meath West,Westmeath,county,,,,,['Longford-Westmeath'],,except the part thereof which is comprised in the constituency of Longford-Westmeath
Roscommon-Galway,Roscommon,county,,,,,['Sligo-Leitrim'],,except the part which is comprised in the constituency of Sligo-Leitrim
Roscommon-Galway,Galway,county,,,,,"['Galway East', 'Galway West']",,except the part thereof which is comprised in the constituencies of Galway East and Galway West
Sligo-Leitrim,Sligo,county,,,,,,,
Sligo-Leitrim,Leitrim,county,,,,,,,
Sligo-Leitrim,Donegal,county,,"['Bundoran Urban', 'Ballintra', 'Ballyshannon Rural', 'Ballyshannon Urban', 'Bundoran Rural', 'Carrickboy', 'Cavangarden', 'Cliff', 'Ballintra']","{'': ['Bundoran Urban'], 'Rural District of Ballyshannon': ['Ballintra', 'Ballyshannon Rural', 'Ballyshannon Urban', 'Bundoran Rural', 'Carrickboy', 'Cavangarden', 'Cliff'], 'Rural District of Donegal': ['Ballintra']}",,,,"the electoral divisions of:
Ballintra, Ballyshannon Rural, Ballyshannon Urban, Bundoran Rural, Carrickboy, Cavangarden, Cliff, in the former Rural District of Ballyshannon;
Ballintra in the former Rural District of Donegal;
and Bundoran Urban"
Sligo-Leitrim,Roscommon,county,,"['Aghafin', 'Altagowlan', 'Ballyfarnan', 'Ballyformoyle', 'Boyle Rural', 'Boyle Urban', 'Crossna', 'Danesfort', 'Keadew', 'Kilbryan', 'Killukin', 'Lough Allen', 'Oakport', 'Rockingham', 'Rushfield', 'Tivannagh', 'Tumna North', 'Tumna South']","{'': [], 'Rural District of Boyle No. 1': ['Aghafin', 'Altagowlan', 'Ballyfarnan', 'Ballyformoyle', 'Boyle Rural', 'Boyle Urban', 'Crossna', 'Danesfort', 'Keadew', 'Kilbryan', 'Killukin', 'Lough Allen', 'Oakport', 'Rockingham', 'Rushfield', 'Tivannagh', 'Tumna North', 'Tumna South']}",,,,"the electoral divisions of:
Aghafin, Altagowlan, Ballyfarnan, Ballyformoyle, Boyle Rural, Boyle Urban, Crossna, Danesfort, Keadew, Kilbryan, Killukin, Lough Allen, Oakport, Rockingham, Rushfield, Tivannagh, Tumna North, Tumna South, in the former Rural District of Boyle No. 1"
Tipperary,Tipperary,county,,,,,['Limerick City'],,except the part thereof which is comprised in the constituency of Limerick City
Waterford,Waterford,city and county,,,,,,,
Wexford,Wexford,county,,,,,,,
Wicklow,Wicklow,county,,,,,,,
